2
25
2 22
1 17
54 28
21 1
78 8
84 23
76 22
46 20
85 21
82 8
81 21
76 11
34 12
69 7
90 20
15 2
43 3
22 2
8 2
32 29
95 1
67 26
75 18
75 4
37 6
75
30
3
7
23
30
1
2
27
23
12
29
19
30
16
16
16
15
1
19
15
28
21
29
11
21
7
19
9
26
13
22
3
21
18
25
20
2
26
18
27
6
17
10
10
9
12
28
2
2
19
5
27
17
30
22
14
24
17
3
29
14
29
3
15
2
7
12
9
8
5
8
5
10
21
22
24
4 15
49 3
23 28
72 23
19 27
77 23
22 7
51 27
15 6
28 17
93 29
30 2
19 24
62 6
9 4
68 20
71 26
22 10
96 2
65 9
5 1
62 1
20 18
88 1
98
4
2
28
13
8
2
25
4
18
11
16
19
17
3
19
25
30
11
29
24
14
18
7
9
8
16
22
18
26
14
8
17
2
20
25
23
2
16
11
21
9
19
23
22
20
11
9
30
11
2
25
21
20
26
22
23
25
6
5
20
20
5
14
2
3
2
19
18
11
24
1
13
5
14
13
13
21
25
9
15
21
25
27
26
26
5
10
8
27
23
13
10
16
9
13
4
15
11
